2022092301 0.00000
2022092302 0.00000
2022092303 0.00000
2022092304 0.00006
2022092305 0.00006
2022092306 0.00051
2022092307 0.00225
2022092308 5.60064
2022092309 5.98864
2022092310 5.94650
2022092311 6.06264
2022092312 6.18128
2022092313 6.23271
2022092314 6.27138
2022092315 6.30259
2022092316 6.32856
2022092317 6.32235
2022092318 6.32866
2022092319 6.33358
2022092320 6.33348
2022092321 6.36133
2022092322 6.55093
2022092323 6.69434
2022092400 6.71784
2022092401 6.75982
2022092402 6.81645
2022092403 6.83328
2022092404 6.82336
2022092405 6.79063
2022092406 6.74317
2022092407 6.80549
2022092408 6.13336
2022092409 6.14358
2022092410 6.17017
2022092411 6.18259
2022092412 6.10715
2022092413 6.11718
2022092414 6.21627
2022092415 6.15919
2022092416 6.10829
2022092417 6.13063
2022092418 6.22821
2022092419 6.18683
2022092420 6.19131
2022092421 6.11739
2022092422 6.12120
2022092423 6.13169
2022092500 6.11019
2022092501 6.11124
2022092502 6.17881
2022092503 6.14973
2022092504 6.14379
2022092505 6.10820
2022092506 6.10960
2022092507 6.19500
2022092508 6.35322
2022092509 6.38913
2022092510 6.43245
2022092511 6.37602
2022092512 6.31005
2022092513 6.37741
2022092514 6.34868
2022092515 6.32453
2022092516 6.38138
2022092517 6.35882
2022092518 6.34876
2022092519 6.38806
2022092520 6.37076
2022092521 6.38163
2022092522 6.37935
2022092523 6.41262
2022092600 6.39852
2022092601 6.36856
2022092602 6.36358
2022092603 6.40110
2022092604 6.40375
2022092605 6.31020
2022092606 6.40183
2022092607 6.37430
2022092608 6.67372
2022092609 6.66254
2022092610 6.69894
2022092611 6.69652
2022092612 6.67058
2022092613 6.69662
2022092614 6.68000
2022092615 6.69249
2022092616 6.70089
2022092617 6.64358
2022092618 6.70502
2022092619 6.67141
2022092620 6.69215
2022092621 6.68746
2022092622 6.70641
2022092623 6.70322
2022092700 6.69154
2022092701 6.69627
2022092702 6.70993
2022092703 6.68656
2022092704 6.64252
2022092705 6.65905
2022092706 6.66812
2022092707 6.67204
2022092708 6.23229
2022092709 6.22364
2022092710 6.22634
2022092711 6.19559
2022092712 6.21626
2022092713 6.22560
2022092714 6.25410
2022092715 6.16258
2022092716 6.26130
2022092717 6.25980
2022092718 6.17570
2022092719 6.16980
2022092720 6.21140
2022092721 6.25639
2022092722 6.22342
2022092723 6.16611
2022092800 6.21151
2022092801 6.16435
2022092802 6.16351
2022092803 6.19352
2022092804 6.22314
2022092805 6.24042
2022092806 6.19997
2022092807 6.17375
2022092808 6.85163
2022092809 6.87051
2022092810 6.84992
2022092811 6.87821
2022092812 6.79854
2022092813 6.90361
2022092814 6.83931
2022092815 6.89834
2022092816 6.90045
2022092817 6.90250
2022092818 6.87470
2022092819 6.89757
2022092820 6.85470
2022092821 6.92301
2022092822 6.86641
2022092823 6.89073
2022092900 6.84883
2022092901 6.87358
2022092902 6.82183
2022092903 6.85490
2022092904 6.92188
2022092905 6.89995
2022092906 6.87666
2022092907 6.85883
2022092908 6.36313
2022092909 6.39992
2022092910 6.34295
2022092911 6.34941
2022092912 6.33868
2022092913 6.33970
2022092914 6.35806
2022092915 6.35357
2022092916 6.35520
2022092917 6.39353
2022092918 6.40296
2022092919 6.43098
2022092920 6.36609
2022092921 6.34450
2022092922 6.35556
2022092923 6.36612
2022093000 6.45977
2022093001 6.40594
2022093002 6.40424
2022093003 6.39180
2022093004 6.41645
2022093005 6.45815
2022093006 6.52926
2022093007 6.62364
2022093008 8.68316
2022093009 8.85868
2022093010 8.62300
2022093011 8.92412
2022093012 8.74259
2022093013 8.70018
2022093014 8.73541
2022093015 8.70375
2022093016 8.64482
2022093017 8.90789
2022093018 8.92804
2022093019 8.88215
2022093020 8.97657
2022093021 8.92864
2022093022 8.65821
2022093023 8.71803
2022100100 8.70780
2022100101 8.89688
2022100102 8.83840
2022100103 8.86358
2022100104 8.79793
2022100105 8.81453
2022100106 8.76683
2022100107 8.62074
2022100108 9.02224
2022100109 9.00426
2022100110 9.04542
2022100111 9.02874
2022100112 8.79585
2022100113 9.03593
2022100114 8.97084
2022100115 8.96060
2022100116 8.74029
2022100117 8.77333
2022100118 9.01724
2022100119 9.02931
2022100120 9.01963
2022100121 8.95043
2022100122 9.02912
2022100123 8.99683
2022100200 8.99180
2022100201 8.95716
2022100202 9.01940
2022100203 8.92938
2022100204 8.93081
2022100205 8.98399
2022100206 8.99991
2022100207 8.91721
2022100208 7.82620
2022100209 7.76706
2022100210 7.73579
2022100211 7.72930
2022100212 7.77554
2022100213 7.74143
2022100214 7.76977
2022100215 7.77878
2022100216 7.85316
2022100217 7.91410
2022100218 8.04268
2022100219 8.17328
2022100220 8.28630
2022100221 8.37479
2022100222 8.43881
2022100223 8.48933
2022100300 8.53010
2022100301 8.56534
2022100302 8.59676
2022100303 8.62561
2022100304 8.65241
2022100305 8.67770
2022100306 8.70193
2022100307 8.72435
2022100308 9.31906
2022100309 9.36025
2022100310 9.38161
2022100311 9.39835
2022100312 9.41300
2022100313 9.42647
2022100314 9.43779
2022100315 9.44984
2022100316 9.46244
2022100317 9.48392
2022100318 9.49113
2022100319 9.49503
2022100320 9.49837
2022100321 9.50097
2022100322 9.50300
2022100323 9.50432
2022100400 9.50488
2022100401 9.50468
2022100402 9.50378
2022100403 9.50213
2022100404 9.49973
2022100405 9.49683
2022100406 9.49321
2022100407 9.48894
2022100408 9.67194
2022100409 9.67549
2022100410 9.67453
2022100411 9.67110
2022100412 9.66598
2022100413 9.65956
2022100414 9.65108
2022100415 9.64541
2022100416 9.67794
2022100417 9.65313
2022100418 9.63646
2022100419 9.61373
2022100420 9.58799
2022100421 9.56006
2022100422 9.53141
2022100423 9.50204
2022100500 9.47575
2022100501 9.45228
2022100502 9.43229
2022100503 9.41725
2022100504 9.40610
2022100505 9.39698
2022100506 9.39447
2022100507 9.38318
2022100508 8.48430
2022100509 8.38083
2022100510 8.33333
2022100511 8.29401
2022100512 8.25051
2022100513 8.20243
2022100514 8.15429
2022100515 8.10286
2022100516 8.05044
2022100517 7.99962
2022100518 7.95165
2022100519 7.90619
2022100520 7.86288
2022100521 7.82224
2022100522 7.78431
2022100523 7.74881
2022100600 7.72164
2022100601 7.69763
2022100602 7.67863
2022100603 7.65510
2022100604 7.63139
2022100605 7.61454
2022100606 7.62257
2022100607 7.57700
2022100608 8.63010
2022100609 8.76057
2022100610 8.71188
2022100611 8.63722
2022100612 8.65124
2022100613 8.76789
2022100614 8.64837
2022100615 8.77996
2022100616 8.77774
2022100617 8.77099
2022100618 8.77165
2022100619 8.68181
2022100620 8.78201
2022100621 8.76788
2022100622 8.69399
2022100623 8.75935
2022100700 8.67458
2022100701 8.61731
2022100702 8.74334
2022100703 8.75400
2022100704 8.64095
2022100705 8.75093
2022100706 8.75961
2022100707 8.73538
2022100708 8.38960
2022100709 8.49346
2022100710 8.51107
2022100711 8.37402
2022100712 8.49420
2022100713 8.49309
2022100714 8.52207
2022100715 8.50488
2022100716 8.51877
2022100717 8.46209
2022100718 8.53329
2022100719 8.44856
2022100720 8.43393
2022100721 8.41045
2022100722 8.40963
2022100723 8.54833
2022100800 8.42005
2022100801 8.46124
2022100802 8.37199
2022100803 8.37256
2022100804 8.46071
2022100805 8.41754
2022100806 8.39950
2022100807 8.43227
2022100808 8.18949
2022100809 8.22654
2022100810 8.23651
2022100811 8.16669
2022100812 8.19613
2022100813 8.14305
2022100814 8.14932
2022100815 8.21024
2022100816 8.13425
2022100817 8.13455
2022100818 8.18987
2022100819 8.15992
2022100820 8.22003
2022100821 8.15686
2022100822 8.21609
2022100823 8.12994
2022100900 8.20372
2022100901 8.14358
2022100902 8.14508
2022100903 8.13170
2022100904 8.19135
2022100905 8.19202
2022100906 8.23661
2022100907 8.13790
2022100908 8.21039
2022100909 8.14475
2022100910 8.15183
2022100911 8.16513
2022100912 8.28915
2022100913 8.21093
2022100914 8.26543
2022100915 8.14967
2022100916 8.28242
2022100917 8.22677
2022100918 8.27367
2022100919 8.31865
2022100920 8.24891
2022100921 8.24529
2022100922 8.24776
2022100923 8.25292
2022101000 8.26048
2022101001 8.32108
2022101002 8.34534
2022101003 8.41302
2022101004 8.48247
2022101005 8.53645
2022101006 8.57867
2022101007 8.60669
2022101008 7.66211
2022101009 7.55062
2022101010 7.50834
2022101011 7.47956
2022101012 7.45292
2022101013 7.42406
2022101014 7.38918
2022101015 7.34811
2022101016 7.30303
2022101017 7.26087
2022101018 7.21159
2022101019 7.15980
2022101020 7.10700
2022101021 7.05330
2022101022 6.99921
2022101023 6.94287
2022101100 6.88278
2022101101 6.81232
2022101102 6.73880
2022101103 6.66684
2022101104 6.59768
2022101105 6.53295
2022101106 6.47320
2022101107 6.42263
2022101108 6.04295
2022101109 5.96013
2022101110 5.90550
2022101111 5.86546
2022101112 5.84304
2022101113 5.80191
2022101114 5.78282
2022101115 5.77060
2022101116 5.77044
2022101117 5.75500
2022101118 5.74891
2022101119 5.74061
2022101120 5.73644
2022101121 5.73916
2022101122 5.72788
2022101123 5.73832
2022101200 5.72312
2022101201 5.74019
2022101202 5.73797
2022101203 5.72026
2022101204 5.73525
2022101205 5.73604
2022101206 5.73165
2022101207 5.72672
2022101208 6.54529
2022101209 6.58889
2022101210 6.53988
2022101211 6.55974
2022101212 6.58891
2022101213 6.56267
2022101214 6.54136
2022101215 6.59157
2022101216 6.57600
2022101217 6.57880
2022101218 6.58588
2022101219 6.58298
2022101220 6.56453
2022101221 6.57356
2022101222 6.57441
2022101223 6.56527
2022101300 6.55637
2022101301 6.55594
2022101302 6.58848
2022101303 6.57116
2022101304 6.55784
2022101305 6.54549
2022101306 6.57963
2022101307 6.58235
2022101308 6.50513
2022101309 6.50502
2022101310 6.52731
2022101311 6.53228
2022101312 6.50732
2022101313 6.49898
2022101314 6.50021
2022101315 6.54637
2022101316 6.51402
2022101317 6.54429
2022101318 6.50714
2022101319 6.50987
2022101320 6.49777
2022101321 6.51852
2022101322 6.54183
2022101323 6.49761
2022101400 6.51918
2022101401 6.52278
2022101402 6.49169
2022101403 6.49861
2022101404 6.50645
2022101405 6.53007
2022101406 6.51173
2022101407 6.51620
2022101408 6.56600
2022101409 6.50634
2022101410 6.49625
2022101411 6.52280
2022101412 6.50536
2022101413 6.50212
2022101414 6.49561
2022101415 6.50215
2022101416 6.49466
2022101417 6.49768
2022101418 6.50228
2022101419 6.49114
2022101420 6.49060
2022101421 6.56812
