2022092301 5.14864
2022092302 5.25009
2022092303 5.33591
2022092304 5.39659
2022092305 5.52213
2022092306 5.61935
2022092307 5.63592
2022092308 5.28727
2022092309 5.26314
2022092310 5.25523
2022092311 5.24829
2022092312 5.24628
2022092313 5.24589
2022092314 5.24086
2022092315 5.24439
2022092316 5.24149
2022092317 5.24369
2022092318 5.24271
2022092319 5.24302
2022092320 5.24407
2022092321 5.24249
2022092322 5.24291
2022092323 5.24426
2022092400 5.24445
2022092401 5.24428
2022092402 5.24683
2022092403 5.24521
2022092404 5.24637
2022092405 5.24699
2022092406 5.26364
2022092407 5.25187
2022092408 5.27877
2022092409 5.27836
2022092410 5.27817
2022092411 5.28186
2022092412 5.27850
2022092413 5.28174
2022092414 5.27959
2022092415 5.28003
2022092416 5.28071
2022092417 5.27992
2022092418 5.28105
2022092419 5.28088
2022092420 5.28106
2022092421 5.28193
2022092422 5.27960
2022092423 5.28193
2022092500 5.28116
2022092501 5.28363
2022092502 5.28004
2022092503 5.28277
2022092504 5.28339
2022092505 5.28274
2022092506 5.28236
2022092507 5.27992
2022092508 5.30187
2022092509 5.30413
2022092510 5.30697
2022092511 5.30941
2022092512 5.30664
2022092513 5.30843
2022092514 5.30819
2022092515 5.31070
2022092516 5.30966
2022092517 5.30834
2022092518 5.30853
2022092519 5.30927
2022092520 5.30781
2022092521 5.30989
2022092522 5.30740
2022092523 5.31150
2022092600 5.30941
2022092601 5.31025
2022092602 5.30956
2022092603 5.30959
2022092604 5.30946
2022092605 5.30993
2022092606 5.31188
2022092607 5.31084
2022092608 5.32317
2022092609 5.32292
2022092610 5.32414
2022092611 5.32508
2022092612 5.32530
2022092613 5.32432
2022092614 5.32654
2022092615 5.32628
2022092616 5.32374
2022092617 5.32613
2022092618 5.32575
2022092619 5.32475
2022092620 5.32370
2022092621 5.32457
2022092622 5.32606
2022092623 5.32447
2022092700 5.32516
2022092701 5.32690
2022092702 5.32479
2022092703 5.32650
2022092704 5.32665
2022092705 5.32583
2022092706 5.32508
2022092707 5.32723
2022092708 5.33218
2022092709 5.33433
2022092710 5.33119
2022092711 5.33307
2022092712 5.33205
2022092713 5.33166
2022092714 5.33201
2022092715 5.33285
2022092716 5.33222
2022092717 5.33283
2022092718 5.33233
2022092719 5.33385
2022092720 5.33626
2022092721 5.33213
2022092722 5.33491
2022092723 5.33494
2022092800 5.33779
2022092801 5.33809
2022092802 5.33775
2022092803 5.33851
2022092804 5.33574
2022092805 5.33638
2022092806 5.33695
2022092807 5.33444
2022092808 5.36693
2022092809 5.36648
2022092810 5.36876
2022092811 5.37092
2022092812 5.36866
2022092813 5.37123
2022092814 5.37501
2022092815 5.37349
2022092816 5.37481
2022092817 5.37692
2022092818 5.37395
2022092819 5.37240
2022092820 5.37206
2022092821 5.37203
2022092822 5.37274
2022092823 5.37108
2022092900 5.37456
2022092901 5.37054
2022092902 5.37296
2022092903 5.37142
2022092904 5.37327
2022092905 5.37374
2022092906 5.37078
2022092907 5.37064
2022092908 5.39981
2022092909 5.40000
2022092910 5.40059
2022092911 5.40181
2022092912 5.40245
2022092913 5.40364
2022092914 5.40382
2022092915 5.40764
2022092916 5.40647
2022092917 5.40693
2022092918 5.40594
2022092919 5.40765
2022092920 5.40415
2022092921 5.40384
2022092922 5.40473
2022092923 5.40961
2022093000 5.40962
2022093001 5.40855
2022093002 5.40595
2022093003 5.40597
2022093004 5.40863
2022093005 5.40596
2022093006 5.40470
2022093007 5.40638
2022093008 5.43098
2022093009 5.43363
2022093010 5.43344
2022093011 5.43853
2022093012 5.43898
2022093013 5.43840
2022093014 5.43684
2022093015 5.43981
2022093016 5.43926
2022093017 5.43777
2022093018 5.43996
2022093019 5.44180
2022093020 5.43860
2022093021 5.43761
2022093022 5.43829
2022093023 5.43998
2022100100 5.43789
2022100101 5.44153
2022100102 5.44239
2022100103 5.44153
2022100104 5.44063
2022100105 5.43952
2022100106 5.44048
2022100107 5.44249
2022100108 5.46460
2022100109 5.46560
2022100110 5.46534
2022100111 5.46690
2022100112 5.46903
2022100113 5.46748
2022100114 5.46713
2022100115 5.46679
2022100116 5.46630
2022100117 5.46628
2022100118 5.46666
2022100119 5.46713
2022100120 5.46648
2022100121 5.46968
2022100122 5.46975
2022100123 5.47097
2022100200 5.46689
2022100201 5.46888
2022100202 5.46743
2022100203 5.46650
2022100204 5.46687
2022100205 5.46765
2022100206 5.46644
2022100207 5.46876
2022100208 5.49912
2022100209 5.50419
2022100210 5.50766
2022100211 5.50888
2022100212 5.51040
2022100213 5.51333
2022100214 5.51472
2022100215 5.51390
2022100216 5.51476
2022100217 5.51446
2022100218 5.51493
2022100219 5.51578
2022100220 5.51663
2022100221 5.51634
2022100222 5.51693
2022100223 5.51728
2022100300 5.51784
2022100301 5.51809
2022100302 5.51846
2022100303 5.51872
2022100304 5.51912
2022100305 5.51936
2022100306 5.51967
2022100307 5.51991
2022100308 5.54569
2022100309 5.54817
2022100310 5.54958
2022100311 5.55046
2022100312 5.55110
2022100313 5.55171
2022100314 5.55240
2022100315 5.55397
2022100316 5.55641
2022100317 5.56111
2022100318 5.56042
2022100319 5.55848
2022100320 5.55737
2022100321 5.55678
2022100322 5.55653
2022100323 5.55632
2022100400 5.55629
2022100401 5.55628
2022100402 5.55627
2022100403 5.55628
2022100404 5.55630
2022100405 5.55631
2022100406 5.55655
2022100407 5.55668
2022100408 5.58775
2022100409 5.59062
2022100410 5.59206
2022100411 5.59286
2022100412 5.59363
2022100413 5.59428
2022100414 5.59610
2022100415 5.59882
2022100416 5.59837
2022100417 5.61246
2022100418 5.60422
2022100419 5.60067
2022100420 5.59912
2022100421 5.59574
2022100422 5.59513
2022100423 5.59486
2022100500 5.59497
2022100501 5.59493
2022100502 5.59628
2022100503 5.59485
2022100504 5.59409
2022100505 5.59423
2022100506 5.59422
2022100507 5.59427
2022100508 5.61437
2022100509 5.61593
2022100510 5.61717
2022100511 5.61758
2022100512 5.61809
2022100513 5.61831
2022100514 5.61844
2022100515 5.61859
2022100516 5.61856
2022100517 5.62054
2022100518 5.61978
2022100519 5.62131
2022100520 5.61949
2022100521 5.61907
2022100522 5.61952
2022100523 5.61919
2022100600 5.61886
2022100601 5.61939
2022100602 5.61935
2022100603 5.61926
2022100604 5.61929
2022100605 5.61951
2022100606 5.61937
2022100607 5.61915
2022100608 5.63593
2022100609 5.63781
2022100610 5.63883
2022100611 5.63930
2022100612 5.63924
2022100613 5.63965
2022100614 5.63990
2022100615 5.64024
2022100616 5.64028
2022100617 5.64028
2022100618 5.64014
2022100619 5.63988
2022100620 5.64050
2022100621 5.64022
2022100622 5.64026
2022100623 5.64035
2022100700 5.63990
2022100701 5.64040
2022100702 5.64028
2022100703 5.64044
2022100704 5.64072
2022100705 5.64087
2022100706 5.64067
2022100707 5.64071
2022100708 5.67163
2022100709 5.67432
2022100710 5.67555
2022100711 5.67627
2022100712 5.67711
2022100713 5.67773
2022100714 5.67781
2022100715 5.67792
2022100716 5.68614
2022100717 5.70008
2022100718 5.69464
2022100719 5.68894
2022100720 5.68627
2022100721 5.68469
2022100722 5.68327
2022100723 5.68293
2022100800 5.68226
2022100801 5.68166
2022100802 5.68177
2022100803 5.68153
2022100804 5.68100
2022100805 5.68078
2022100806 5.68067
2022100807 5.68083
2022100808 5.69472
2022100809 5.69586
2022100810 5.69695
2022100811 5.69718
2022100812 5.69805
2022100813 5.69755
2022100814 5.69778
2022100815 5.69770
2022100816 5.69738
2022100817 5.69935
2022100818 5.69709
2022100819 5.69718
2022100820 5.69729
2022100821 5.69732
2022100822 5.69720
2022100823 5.69720
2022100900 5.69714
2022100901 5.69731
2022100902 5.69706
2022100903 5.69700
2022100904 5.69672
2022100905 5.69686
2022100906 5.69706
2022100907 5.69702
2022100908 5.72214
2022100909 5.72424
2022100910 5.72518
2022100911 5.72614
2022100912 5.72657
2022100913 5.72672
2022100914 5.72704
2022100915 5.72716
2022100916 5.73119
2022100917 5.77920
2022100918 5.79150
2022100919 5.79608
2022100920 5.77095
2022100921 5.76109
2022100922 5.75394
2022100923 5.74932
2022101000 5.74587
2022101001 5.74356
2022101002 5.74158
2022101003 5.74040
2022101004 5.73923
2022101005 5.73808
2022101006 5.73697
2022101007 5.73644
2022101008 5.74174
2022101009 5.74165
2022101010 5.74133
2022101011 5.74108
2022101012 5.74086
2022101013 5.74059
2022101014 5.74021
2022101015 5.73997
2022101016 5.73951
2022101017 5.74046
2022101018 5.74001
2022101019 5.73939
2022101020 5.73920
2022101021 5.73901
2022101022 5.73863
2022101023 4.77215
2022101100 4.77209
2022101101 4.77208
2022101102 4.77208
2022101103 4.77208
2022101104 4.77209
2022101105 4.77209
2022101106 4.77208
2022101107 4.77209
2022101108 4.77653
2022101109 4.77654
2022101110 4.77653
2022101111 4.77654
2022101112 4.77653
2022101113 5.41186
2022101114 5.50730
2022101115 5.56382
2022101116 5.60417
2022101117 5.63836
2022101118 5.66374
