2022092301 0.00000
2022092302 0.00003
2022092303 0.00003
2022092304 0.00003
2022092305 0.00004
2022092306 0.00004
2022092307 0.00004
2022092308 0.00004
2022092309 0.00004
2022092310 0.00004
2022092311 0.00005
2022092312 0.00015
2022092313 0.00017
2022092314 0.00019
2022092315 0.00023
2022092316 0.00029
2022092317 0.00037
2022092318 0.00048
2022092319 0.00063
2022092320 0.00081
2022092321 0.00101
2022092322 0.00122
2022092323 0.00145
2022092400 0.00168
2022092401 0.00190
2022092402 0.00212
2022092403 0.00233
2022092404 0.00255
2022092405 0.00285
2022092406 0.00306
2022092407 0.00327
2022092408 0.00496
2022092409 0.00963
2022092410 0.01662
2022092411 0.02662
2022092412 0.03364
2022092413 0.03672
2022092414 0.03775
2022092415 0.03845
2022092416 0.04026
2022092417 0.04389
2022092418 0.04879
2022092419 0.05384
2022092420 0.05836
2022092421 0.06218
2022092422 0.06534
2022092423 0.06791
2022092500 0.06996
2022092501 0.07155
2022092502 0.07271
2022092503 0.07352
2022092504 0.07409
2022092505 0.07537
2022092506 0.07898
2022092507 0.12814
2022092508 0.26497
2022092509 0.33407
2022092510 0.36174
2022092511 0.37703
2022092512 0.39024
2022092513 0.40070
2022092514 0.40902
2022092515 0.41586
2022092516 0.42118
2022092517 0.42551
2022092518 0.43019
2022092519 0.44026
2022092520 0.47573
2022092521 0.54915
2022092522 0.62460
2022092523 0.67443
2022092600 0.70065
2022092601 0.71410
2022092602 0.72223
2022092603 0.72908
2022092604 0.73632
2022092605 0.74626
2022092606 0.76159
2022092607 0.78124
2022092608 0.80849
2022092609 0.84100
2022092610 0.87870
2022092611 0.92248
2022092612 0.96551
2022092613 0.99912
2022092614 1.02209
2022092615 1.03885
2022092616 1.05659
2022092617 1.07905
2022092618 1.10661
2022092619 1.13368
2022092620 1.15434
2022092621 1.16737
2022092622 1.17289
2022092623 1.17244
2022092700 1.16861
2022092701 1.16297
2022092702 1.15648
2022092703 1.14978
2022092704 1.14314
2022092705 1.13736
2022092706 1.13223
2022092707 1.12713
2022092708 1.12228
2022092709 1.13010
2022092710 1.14271
2022092711 1.16036
2022092712 1.18904
2022092713 1.22627
2022092714 1.27857
2022092715 1.36238
2022092716 1.46521
2022092717 1.55255
2022092718 1.60760
2022092719 1.63905
2022092720 1.65931
2022092721 1.67057
2022092722 1.67283
2022092723 1.66833
2022092800 1.66172
2022092801 1.65411
2022092802 1.64487
2022092803 1.64030
2022092804 1.64503
2022092805 1.65590
2022092806 1.67269
2022092807 1.70818
2022092808 1.75800
2022092809 1.80417
2022092810 1.85712
2022092811 1.91633
2022092812 1.96377
2022092813 1.99454
2022092814 2.01432
2022092815 2.03151
2022092816 2.05211
2022092817 2.09281
2022092818 2.13865
2022092819 2.21316
2022092820 2.32522
2022092821 2.47782
2022092822 2.65006
2022092823 2.78130
2022092900 2.86872
2022092901 2.92268
2022092902 2.95524
2022092903 2.97155
2022092904 2.97042
2022092905 2.95623
2022092906 2.93220
2022092907 2.90224
2022092908 2.86896
2022092909 2.83560
2022092910 2.80269
2022092911 2.77022
2022092912 2.74298
2022092913 2.71713
2022092914 2.69169
2022092915 2.66393
2022092916 2.63365
2022092917 2.65712
2022092918 2.69405
2022092919 2.77665
2022092920 2.92652
2022092921 3.06200
2022092922 3.14485
2022092923 3.27262
2022093000 3.48775
2022093001 3.65143
2022093002 3.80885
2022093003 3.93546
2022093004 4.03903
2022093005 4.10601
2022093006 4.15723
2022093007 4.18577
2022093008 4.19066
2022093009 4.17619
2022093010 4.15060
2022093011 4.12449
2022093012 4.09320
2022093013 4.05052
2022093014 3.99843
2022093015 3.93086
2022093016 3.86207
2022093017 3.77713
2022093018 3.68435
2022093019 3.57996
2022093020 3.47275
2022093021 3.37010
2022093022 3.28951
2022093023 3.21552
2022100100 3.14382
2022100101 3.07499
2022100102 3.00956
2022100103 2.94438
2022100104 2.88036
2022100105 2.82061
2022100106 2.76531
2022100107 2.71316
2022100108 2.66530
2022100109 2.64091
2022100110 2.64185
2022100111 2.65541
2022100112 2.70654
2022100113 2.78621
2022100114 2.83825
2022100115 2.86518
2022100116 2.88282
2022100117 2.89186
2022100118 2.89626
2022100119 2.89186
2022100120 2.87522
2022100121 2.84889
2022100122 2.81744
2022100123 2.78442
2022100200 2.75066
2022100201 2.71403
2022100202 2.67610
2022100203 2.63787
2022100204 2.60022
2022100205 2.56352
2022100206 2.55524
2022100207 2.58789
2022100208 2.72072
2022100209 2.90115
2022100210 3.02341
2022100211 3.13107
2022100212 3.21610
2022100213 3.27326
2022100214 3.31777
2022100215 3.35399
2022100216 3.40677
2022100217 3.46876
2022100218 3.53983
2022100219 3.60536
2022100220 3.65877
2022100221 3.69822
2022100222 3.72316
2022100223 3.72993
2022100300 3.72322
2022100301 3.70615
2022100302 3.67977
2022100303 3.64523
2022100304 3.60486
2022100305 3.56209
2022100306 3.52702
2022100307 3.48266
2022100308 3.44333
2022100309 3.41315
2022100310 3.40101
2022100311 3.40333
2022100312 3.41779
2022100313 3.44105
2022100314 3.46381
2022100315 3.48965
2022100316 3.51928
2022100317 3.54242
2022100318 3.55473
2022100319 3.55469
2022100320 3.54380
2022100321 3.52241
2022100322 3.48893
2022100323 3.44756
2022100400 3.39901
2022100401 3.34404
2022100402 3.27891
2022100403 3.21382
2022100404 3.13946
2022100405 3.06380
2022100406 2.98045
2022100407 2.90103
2022100408 2.80892
2022100409 2.72903
2022100410 2.66718
2022100411 2.61430
2022100412 2.56505
2022100413 2.51771
2022100414 2.47185
2022100415 2.43551
2022100416 2.43462
2022100417 2.51617
2022100418 2.60196
2022100419 2.65038
2022100420 2.69568
2022100421 2.77587
2022100422 2.87135
2022100423 2.90501
2022100500 2.91240
2022100501 2.89887
2022100502 2.86914
2022100503 2.83008
2022100504 2.78658
2022100505 2.74254
2022100506 2.70041
2022100507 2.66087
2022100508 2.62355
2022100509 2.58756
2022100510 2.55296
2022100511 2.52278
2022100512 2.50369
2022100513 2.49333
2022100514 2.48534
2022100515 2.47804
2022100516 2.46070
2022100517 2.43495
2022100518 2.40993
2022100519 2.38734
2022100520 2.36244
2022100521 2.33362
2022100522 2.30304
2022100523 2.27273
2022100600 2.24295
2022100601 2.21437
2022100602 2.18781
2022100603 2.16265
2022100604 2.13786
2022100605 2.11358
2022100606 2.09010
2022100607 2.07148
2022100608 2.07292
2022100609 2.11089
2022100610 2.18285
2022100611 2.26530
2022100612 2.37278
2022100613 2.53569
2022100614 2.70776
2022100615 2.82658
2022100616 2.91328
2022100617 2.96256
2022100618 2.97454
2022100619 2.96594
2022100620 2.94672
2022100621 2.92102
2022100622 2.89050
2022100623 2.85633
2022100700 2.82178
2022100701 2.78915
2022100702 2.75687
2022100703 2.72384
2022100704 2.68983
2022100705 2.65488
2022100706 2.61934
2022100707 2.58400
2022100708 2.55429
2022100709 2.54089
2022100710 2.54536
2022100711 2.57450
2022100712 2.63364
2022100713 2.70709
2022100714 2.77397
2022100715 2.79462
2022100716 2.78016
2022100717 2.75426
2022100718 2.71928
2022100719 2.71475
2022100720 2.75070
2022100721 2.81646
2022100722 2.88942
2022100723 2.95755
2022100800 2.98663
2022100801 2.97571
2022100802 2.94324
2022100803 2.90269
2022100804 2.86212
2022100805 2.82300
2022100806 2.78437
2022100807 2.74574
2022100808 2.70704
2022100809 2.66840
2022100810 2.62999
2022100811 2.59187
2022100812 2.56187
2022100813 2.53478
2022100814 2.50648
2022100815 2.48738
2022100816 2.48355
2022100817 2.49492
2022100818 2.49545
2022100819 2.47714
2022100820 2.45466
2022100821 2.43793
2022100822 2.42874
2022100823 2.40606
2022100900 2.37602
2022100901 2.34429
2022100902 2.31164
2022100903 2.27866
2022100904 2.24580
2022100905 2.21362
2022100906 2.18259
2022100907 2.15252
2022100908 2.12341
2022100909 2.09511
2022100910 2.06757
2022100911 2.04084
2022100912 2.01490
2022100913 1.98987
2022100914 1.96559
2022100915 1.94175
2022100916 1.91825
2022100917 1.90381
2022100918 1.90788
2022100919 2.00887
2022100920 2.18025
2022100921 2.47780
2022100922 2.92805
2022100923 3.52480
2022101000 3.89152
2022101001 4.01051
2022101002 4.08791
2022101003 4.14342
2022101004 4.17325
2022101005 4.17685
2022101006 4.16431
2022101007 4.13569
2022101008 4.08984
2022101009 4.01985
2022101010 3.94521
2022101011 3.86672
2022101012 3.79090
2022101013 3.71362
2022101014 3.63777
2022101015 3.56106
2022101016 3.48722
2022101017 3.40679
2022101018 3.32165
2022101019 3.22002
2022101020 3.13007
2022101021 3.05581
2022101022 2.98791
2022101023 2.85143
2022101100 2.69939
2022101101 2.53742
2022101102 2.35409
2022101103 2.16592
2022101104 1.98404
2022101105 1.81671
2022101106 1.66849
2022101107 1.53936
2022101108 1.42716
2022101109 1.32927
2022101110 1.24325
2022101111 1.16701
2022101112 1.09886
2022101113 1.03752
2022101114 0.98205
2022101115 0.93167
2022101116 0.88580
2022101117 0.84390
2022101118 0.80555
2022101119 0.77034
2022101120 0.73795
2022101121 0.70807
2022101122 0.68044
2022101123 0.65487
2022101200 0.63120
2022101201 0.60927
2022101202 0.58890
2022101203 0.56995
2022101204 0.55236
2022101205 0.53629
2022101206 0.52242
2022101207 0.51180
2022101208 0.50499
2022101209 0.50129
2022101210 0.49904
2022101211 0.49656
2022101212 0.49322
2022101213 0.49137
2022101214 0.49869
2022101215 0.52402
2022101216 0.56232
2022101217 0.59592
2022101218 0.61512
2022101219 0.62117
2022101220 0.61842
2022101221 0.61050
2022101222 0.59975
2022101223 0.58763
2022101300 0.57497
2022101301 0.56231
2022101302 0.54995
2022101303 0.53813
2022101304 0.52717
2022101305 0.51754
2022101306 0.50996
2022101307 0.50515
2022101308 0.50341
2022101309 0.50428
2022101310 0.50664
2022101311 0.50919
2022101312 0.51092
2022101313 0.51130
2022101314 0.51025
2022101315 0.50791
2022101316 0.50454
2022101317 0.50041
2022101318 0.49576
2022101319 0.49077
2022101320 0.48560
2022101321 0.48037
2022101322 0.47516
2022101323 0.47003
2022101400 0.46503
2022101401 0.46019
2022101402 0.45555
2022101403 0.45111
2022101404 0.44688
2022101405 0.44285
2022101406 0.43904
2022101407 0.43544
2022101408 0.43206
2022101409 0.42891
2022101410 0.42603
2022101411 0.42346
2022101412 0.42120
2022101413 0.41927
2022101414 0.41762
2022101415 0.41623
2022101416 0.41507
2022101417 0.41411
2022101418 0.41344
2022101419 0.41301
2022101420 0.41274
2022101421 0.41269
